# Sample configuration file of bingo
# N : 1 x n - vector of sizes
# P : p  x 4 - vectors of distribution
# S : s  x 4 - vectors of distribution
# W : w  x 4 - vectors of distribution
# D : 1 x d - vector of distribution's parameter
#The first column indicates the type of distribution : 0=Uniform, 1=Nomal, 2=Bimodal-Normal
#The distribution are encoded as follows
# 0(=Uniform) min max 0 0
# 1(=Binomial) n  p 0 0
# 2(=Mixture Binomial) n1 p1 n2 p2
# name: N
# type: matrix
# rows: 1
# columns: 7
 10 20 50 80 100 150 200
# name: P
# type: matrix
# rows: 4
# columns: 5
 0 1 100 0 0
 0 80 120 0 0
 1 120 0.5 0 0
 2 100 0.5 130 0.6
# name: S
# type: matrix
# rows: 5
# columns: 5
 0 1 20 0 0
 0 1 50 0 0
 0 1 100 0 0
 1 90 0.5 0 0
 2  100 0.15 100 0.45
# name: W
# type: matrix
# rows: 3
# columns: 5
 0 1 20 0 0
 1 25 0.4 0 0
 2 10 0.6 25 0.6
#The due date generation requires a list of N parameters between 0 and 1. 
# 2xNxN distributions are generated from these parameters.
# name: D
# type: matrix
# rows: 1
# columns: 4
 0.2 0.5 0.8 1
